
902005505
902075767
902076976
902277829
902300279
902310456
902313123
902329009
902373620
902382328
902404069
902404419
902464986
902488989
902501690
902511611
902515216
902533826
902540748
902546782
902583931
902629278
902630534
902649796
902712185
902762252
902789655
902790345
902792123
902792680
902822222
902828220
902862470
902862858
902900771
902910382
902941423
902954559
902992969
903001953
903033654
903039000
903042171
903045076
903045751
903062335
903067579
903075075
903088006
903112135
903114193
903114708
903115512
903121689
903121919
903122969
903123666
903129283
903130054
903140504
903147782
903150500
903151862
903155439
903162068
903163159
903163683
903171163
903179116
903187832
903192997
903197256
903217569
903300683
903301342
903308759
903310201
903310367
903311079
903316069
903322186
903328233
903346368
903346968
903355265
903355555
903359830
903370157
903370157
903379099
903394389
903399948
903461917
903576489
903602942
903605501
903614551
903615596
903629492
903640334
903651032
903653710
903656291
903663950
903669071
903681675
903691575
903719576
903726438
903734594
903738225
903745440
903751570
903755440
903756668
903759670
903759707
903762587
903764675
903772572
903780470
903800440
903812583
903812941
903826181
903831374
903837638
903838000
903838244
903840808
903857288
903860505
903872294
903875142
903879947
903881500
903884050
903887705
903888310
903900135
903906906
903908170
903911084
903913511
903916318
903916602
903916689
903918190
903936910
903944454
903954863
903966644
903967015
903968085
903973870
903974019
903979279
903988432
903988602
903990556
904246177
904444142
904446189
904530530
904575292
904691459
904767439
905338933
905349219
906177249
906310834
906349079
906368755
906383839
906395795
906519619
906638250
906644467
906656864
906660385
906662141
906662332
906667146
906669332
906699935
906734008
906742240
906791012
906800818
906808280
906890219
906907962
906911428
906960614
907009670
907012342
907015855
907077300
907082907
907092972
907122058
907123697
907123702
907164119
907174111
907193227
907199090
907243673
907248558
907257042
907290008
907311439
907326070
907333508
907372076
907374775
907392299
907393268
907401545
907428237
907503599
907507137
907570939
907574787
907575337
907590995
907592849
907605966
907615001
907616593
907633953
907646545
907671684
907671884
907707609
907715763
907717456
907726255
907752821
907766262
907774029
907783283
907791114
907793544
907797334
907844685
907888707
907890876
907895146
907906069
907955951
907968713
907988627
908002991
908006514
908012589
908014091
908014226
908014598
908016670
908058868
908100953
908112257
908114402
908128262
908130022
908133676
908134815
908141444
908142119
908146626
908157323
908160287
908161930
908162872
908169358
908178355
908181081
908183190
908196258
908213059
908215260
908231236
908242708
908246537
908252038
908266566
908271087
908275276
908279259
908282432
908283776
908285555
908290831
908295549
908312616
908329954
908337427
908337538
908337987
908338864
908351191
908370908
908389309
908401939
908410425
908410738
908413007
908414595
908443711
908449076
908450587
908456711
908486168
908494959
908504112
908515366
908534489
908539937
908550758
908557022
908557639
908571565
908600932
908610906
908618291
908622364
908625434
908630808
908661433
908666857
908667997
908677359
908678228
908689107
908696563
908699593
908702357
908703901
908703901
908730795
908741434
908766739
908779594
908789820
908792479
908799393
908801486
908801817
908802999
908828564
908841040
908844345
908849112
908858256
908861932
908875771
908906938
908931923
908958595
908968485
908969168
909005948
909013937
909050962
909081514
909085878
909095485
909096404
909103679
909109406
909135048
909141104
909143840
909150067
909153522
909155167
909164898
909167798
909169444
909187059
909192903
909222310
909222432
909226615
909234516
909237944
909245054
909246873
909251214
909255179
909260012
909262720
909278377
909287970
909290489
909299931
909313654
909320459
909327599
909338102
909344700
909351398
909351555
909357686
909371027
909374472
909376903
909393917
909393970
909397274
909422853
909435654
909438450
909438678
909444699
909445070
909449377
909450858
909487473
909528943
909532674
909539511
909547447
909553335
909566514
909581858
909589997
909600910
909602549
909636769
909663683
909666401
909696575
909698946
909700383
909700474
909728293
909729747
909761526
909766690
909777360
909782363
909784499
909793729
909799224
909817455
909839184
909840880
909841628
909852063
909865569
909873763
909883353
909904709
909915511
909918628
909922036
909922109
909959616
909960574
909982529
909990769
909995908
912923146
913113449
913116648
913120496
913134843
913138080
913139256
913147148
913155836
913158093
913190296
913195067
913303345
913303375
913577664
913610993
913617395
913626226
913630159
913644546
913669841
913682300
913709203
913710083
913718102
913722326
913727592
913742827
913752214
913757375
913757532
913763854
913766071
913769900
913780239
913816330
913829890
913864134
913868646
913869553
913882685
913892620
913898980
913905299
913917583
913944037
913964580
913978560
913989138
913989865
914113089
914636669
914741129
915117121
915162244
915334571
916006555
916007509
916167917
916254582
916264616
916801858
916979208
917058960
917140014
917159157
917227788
917256448
917473739
917520142
917642272
917830743
917974227
918009483
918018443
918027597
918085777
918095373
918101895
918105913
918115571
918119834
918132196
918174251
918261425
918262425
918319164
918330770
918348146
918375742
918380939
918412355
918417243
918456188
918473220
918484652
918516395
918518323
918567804
918630919
918650937
918673088
918728555
918767698
918830212
918835739
918860239
918880202
918881390
918918282
918918599
918922494
918976934
918981458
919148470
919162838
919302696
919332279
919362931
919401541
919445578
919556172
919558811
919567154
919598768
919608379
919612129
919618192
919776755
919777370
919802964
925696757
926818818
927098899
932003636
932044747
932089980
932162281
932195168
932403096
932536499
932598767
932662862
932686217
932695070
932732654
932882688
932898606
932995050
933004268
933080968
933156009
933197009
933239189
933247572
933268168
933336116
933374269
933386097
933389882
933413983
933467744
933486877
933524333
933579921
933581745
933749941
933767246
933778699
933833479
933888379
933920002
933924728
933961357
933995533
934050168
934073939
934094383
934155039
934164784
934965374
935226149
935280203
935346346
935578747
935611815
935716309
935783230
936000299
936099965
936292635
936750725
936927344
936936391
937052695
937071189
937115553
937147087
937160606
937240507
937244116
937244282
937284832
937287588
937290403
937431470
937468187
937488148
937491739
937537756
937554572
937578998
937600123
937634567
937663733
937677111
937687072
937711143
937723358
937736046
937769563
937773332
937773555
937775467
937808628
937923600
937996530
938010950
938020184
938056004
938166033
938169239
938270114
938339423
938389666
938454439
938484133
938490009
938526003
938551249
938562628
938585066
938620155
938688864
938729777
938782789
938833909
938862351
938866994
938899002
938910203
938918260
938919639
938920985
938929920
938939009
938968640
938978248
939167266
939180163
939281297
939759969
939848747
939901808
944295251
944657605
945495612
946222206
946304099
946352350
946802833
947357339
947789835
948437734
949273727
949664567
949778113
949790909
949897999
953420667
955452825
955574681
958005679
962550388
972024041
972030314
972078238
972104949
972119116
972125252
972227528
972524773
972559354
972622733
972954906
973015017
973068484
973399513
973456839
973560009
973671234
973853991
974110220
974233299
974286107
974419955
974498188
974774938
974797244
975136878
975423872
975446670
975502600
975668333
975909595
975910330
976229022
976234839
976406446
976678896
976703577
977000818
977041923
977225255
977230872
977263035
977403648
977899278
978081889
978195554
978325387
978390350
978523344
978564009
978887968
978992827
979000890
979060572
979140909
979140963
979491559
979887955
979973860
982093789
982107121
982148887
982223393
982296929
982515180
982557236
982567837
982593833
982799961
982979721
983030575
983046171
983122664
983308879
983332358
983369094
983433696
983534771
983635583
983687415
983776839
983839020
983862699
983998765
984026700
984050719
984182313
984226494
984462584
984553402
984598753
984674229
984677344
984677344
985030290
985274847
985275145
985493606
985519786
985635348
985686663
985743099
985844439
985991877
986088155
986098312
986115678
986138798
986227217
986313838
986313838
986363686
986422394
986525599
986991119
987118164
987615607
987676820
987677915
987896682
988000458
988305113
988344777
988365648
988411588
988428908
988447171
988484640
988546024
988571805
988577612
988578391
988582784
988644340
988771140
