0909513736
0903706958
0903913853
54103129
0918366899
4112001
0913148967
0909992544
8540409
0913735737
0903339255
9911892
4100559
0913159208
0903879656
8334745
0913651848
4101415
0903571574
0913124724
0908332041
0903734148
0909097327
0983112531
0908396899
8322187
8356358
0908220408
0905067399
0903835503
0908109466
0909663366
0903700927
0958868118
0913801755
0903669431
0939333340
0903837677
4101317
0913783052
0903346776
0909027727
5410533
0903317663
0908612703
8257979
0903343044
0909295252
0903730542
0903730542
0913609960
0908104983
0913905944
0908253223
0913665399
4102106
0908353543
0913792488
0908644848
0903704502
0903616520
0918188397
0903762882
0913634936
0979793019
4101533
0918040084
8567007
0909520150
0903952898
8292104
0913718817
0909609472
0903707627-4102098
0913212975
0977880870
0913951997
0913805504
0903136996
0903915996
0908639698
0989010419
4102389
0903851701
0903621659
4103102
0913609930
0903845432
0908162522
0913907418
4101359
0903736542
0903329833
0918553838
8435901
0918040290
8453603
09089047774
0958809079
0909751450
0913802434
0903664846
0903943491
0903404561 
0903621659
0903920029
0913939404
0908012240
0908803128
0909045505
0903920029
0903914922
0908012240
0903932444
0913949285 
0903397575
0907679999
0903770056
0913807735
0988383969
0903755400
0903962303
0913927789
0908032008
0908186479
0903626449
0913922404
0903725019
0905116672
0958660229
4100475
0903831036
0918319037
0903647148
0903646699
0918030473
0919086170
4101339
0913809040
0903742912
0913653305
0903843518
0908560782
0918918403
0909663366
0913635111
0903005461
0903933900
8567009
7710492
4101167
0918243813
0909654662
0909270250
0903961718
4101961
0909502468
8637022
0903737245
8060697
0913505800
0912016261
4101995
0903000467
7701594
0913806848
0903352020
0983024211
0903396669
0903621659
0913229899
0908333235
54100156 (thu)
0903721795
0908760570
0908111323
0913663489
9316527
0913766233
0983116634
0913809693
0904007474
0903904063
8258488
0913237678
0909685628
0913110097
0913920437
0903947610
0912243263
0903712636
0989760570
0913905426
0903951311
0983334759
0983521789
0903251010
0903746866
0903903455
0903677297
8556090
8600597
4125518
4102363
4128888
0903916658
0903837997
0903930375
0918787777
0908397169
0903910970
0903828203
0913582222
8613064
8424144
0903687699
0913118888
0918086840
4102115
0989102238
4101934
0903745605
0983610064
0903847000
0903626006
0903330373
0903947916
0989968168
0958808945
0913807878
0908279698
0903751473
0913417999
4102646
0903023362
0905057288
0903917817
0903732009
0903744499
4102090
8292104
0903720352
0903917993
0903876242
0958887177
0958887177
0903956420
0903824943
0913946829
0908111629
0909088086
0913482892
0903668950
0908376379
0903613898
0908231255
0903987789
0908012223
0918414785
0913718894
0918094314
0903347337
0903742007
4103460
4101388
0903607023
0903396397
0908466288
0903310958
0983116634
0903622626
0903721739
0903868822
0903911206
0903849108
0903812760
0903864226
0903903271
0903737686
0958838747
8449280
0903953775
0903959367
0908318838
0983933944
0913803324
0903393382
0903389060
0958216900
0913910109
0958802869
0908658448
0903880343
0908652227
0913914353
0918035592
0908595477
0903314286
0903954098
0913128576
0903376910
4101701
0913715420
0903640393
0919086170

0903405140
0913856656
0908256062
9400659

0908898722
0903702336
0988576348
4100886
0913888338
9303206
0903778982
0908916788
0903029622
0918577756
0908404003
0903928210
0918201568
4102232
0908038787
0913902960
0903504198
0908637719
0903906072
0919307979
54102357
0989760570
4121323
0918012666
0903718176
0903992266
5110942
0919267585
0903723161
0903723161
0919307979
0908897876
0913502507
0903992226
0908032353
0913766024
0913704237
0903333154
8327761
0903933598
0903908767
0903933598
0903000467
0913978566
0903506523
54102275
0913224678
0913718894
0903873792
0989888999
0903665365
0908400224
0903641978
0903710896
0903183188
0918559155
0903927929
0982363687
0903939276
4121765
0903807178
0913908406
0903904968
0903926990
0903665129
0903833781
0903902480
54102259
0989626239
54100380
0903691124
0903723161
0903723161
0909372768
0913906297
0913855566
0908155914
0918851552
4170046
0913435533
0903037733
0918389778
8500633
0919307979
0903607627
0913805705
0903713265
0912532533
0903848717
0909602616
4170046
0903992029
0903816960
0913700735
0919307979
8654598
0983116634
0913683693
0903699894
0903725426
0909023220
0913860522
0913145994
0913118893
0908446085
0903338814
0903871260
0913734881
4100787
0913115146
0918265082
0903685316
0913931921
0903650189
9085886
0908635526
0903366096
0918581581
0903871903
0909118868
0903806826
0918769096
9202787
9202787
0903306555
0908777779
0903999968
0918264883
0913978773
0903764270
0913927897
0903669646
8453376
0908297831
0908053422
4120539
0918551151
0905059559
0903990432
9730172
0903332015
0918565802
0938683270
0908009796
0908137314
0908053422
0903966797
0908154409
0983603175
0918784078
0903712568
0916817688
0908000388
8244130
0903979484
0903939979
8309844
0903747649
0903801515
0913772768
0913462107
0908170181
0908404003
0914111222
8998901
4102767
0913629360
0918033757
0904119686
0907128779
0903731309
0903903781
0908294098
0918264733
0903726634
0913931921
0903003960
0903701852
0913947030
0903901643
0983730737
0989510740
0989181116
0903726870
0983387242
0903727373
0913602001
8245872
0903379159
0913669637
0903956617
0913835954
0908397939
0903700999
8453490
0983720749
8331969
0903645225
0918489820
0903357929
0908180548
0908397939
0903700999
0908015166
0908351264
0903238732
8241628
8369039
0903702228
8432133
72890040
0913906778
0903309225
0903954974
0913851288
0913869879
0918000524
0913929832
0903751611
0903005889
0913920358
0903902092
0903879335
0913929771
0903980545
0903704707
0908485854
0903803851
0903958558
0908485854
0908171170
0903353351
0908658869
0918033313
0903452103
0913914078
0918766430
0903901457
0913114246
0903925088
0919496713
4102918
0908652227
0903818850
0983027440
0903831442
54102478
0913157229
0913724963
0903929925
0903334479
0937111249
0903426606
0903921567
0909295252
0903330580
0903928590
0908222963
4170046
0903753636
0903723161
0903946875
0903718058
0903906076
0903696209
0909621178
0903947822
8561633
0903125403
0903710958
0919307979
0903723161
7700450
0909702709
4101049
0902029507
0905059559
0908105866
0903755655
0908228428
7714317
0908567962
0919307979
8258442
0903837083
4100475
0908249593
4120962
0903702716
0903871687
4100832
0903967191
4100475
8632922
0975971626
0903804109
0903804109
0903804109
0918113399
0903738586
0918851552
0989177606
0938676199
54102423
0903804109
0903804109
8731299
0913605148
0903908361
4102590
7715130
0903604111
0903778982
0903500615
8656810
0903672821
0903661583
0903392678
0903665088
0903853525
0903728262
0913855566
0912153963
0908232018
0918261672
0903639363
0903902092
0908091569
0919175353
0903918116
0903723161
0903723161
0903690736
0903930377
0913919513
0907576710
0982479742
8262587
0909422868
0905555322
