0913 901 922
0903 870 088
0903 825 226
0903 840 377
0903 324 242
0903 810 286
0903 749 985
0903 759 255
0903 706 177
0913 902 866
0903 802 379
0903 702 113
0903 802 609
0903 644 184
0903 343 482
0958 688 686
0903 708 750
0903 911 924
0903 805 991
0903 852 827
0907 262 626
0903 676 772
0903 816 762
0903 932 123
0913 806 107
0903 900 203
0903 733 351
0913 725 954
0903 951 109
0908 000 615
0903 003 525
0903 988 910
0903 902 187
0913 806 101
0903 333 369
0903 331 930
0913 905 045
0903 609 699
0903 749 243
0913 913 508
0908 677 378
0913 926 325
0903 906 370

0903 331 187
0903 321 130
0913 915 464
0903 816 264
0903 903 829
0909 899 998
0903 809 524

0903 805 400
0903 113 355
0903 830 935
0908 407 631
0913 802 914
0903 738 515
0903 945 108
0903 828 216
0909 363 636
0913 926 443
0903 958 733
0903 804 566
0903 737 775
0903 716 538
0903 823 678
0903 847 516
0903 808 251
0903 722 040
0903 819 256
0918 118 111
0903 935 163
0903 315 555
0903 812 565

0913 805 724
0903 845 205
0909 626 999
0903 739 172
0903 627 777
0913 922 833
0903 909 997
0903 783 131
0903 800 478
0989 877 888 – 0903 922 144
0903 827 888
0908 116 789
0913 701 572

0903 801 358
0903 806 232 – 0983 806 232
0908 010 866
0903 912 354
0903 826 858
0903 829 178
0913 799 353
0903 903 597
0913 802 510
0903 666 577
0903 905 714
0903 921 111 – 0903 862 222
0903 807 048
0908 882 299
0903 707 893
0903 702 573
0903 818 383
0903 928 632
0903 840 205
0903 903 230
0903 936 629
0903 917 938
0908 601 601
0903 929 494
0989 590 887
0913 728 889
0913 731 700
0903 901 571
0903 781 099
0913 807 783
0903 958 630
0913 117 660
0908 888 098
0903 833 607
0903 953 359
0913 808 440
0958 851 470 – 0913 609 276
0913 803 278
0903 335 888
0908 884 788
0913 832 553
0903 709 290
0903 906 103
0903 812 979
0903 708 783
0903 807 191
0903 847 475
0913 770 123
0903 606 026
0903 117 788
0903 627 299
0903 654 912
0913 640 909
0903 846 434
0903 826 889
0913 927 445
0907 171 777
0913 623 985
0909 690 079
0902 014 015
0903 954 675
0903 940 293
0903 950 953
0918 277 723 – 0909 797 917
0903 907 566
0913 805 242
0983 612 708 – 0903 612 708
0903 525 354
0903 705 889
0918 906 945
0913 900 348
0908 383 839
0908 014 994
0903 815 692
0913 809 702
0913 901 238
0903 708 128
0903 923 704
0903 813 806
0913 908 406
0903 831 631
0903 884 477
0913 759 024
0988 024 111
0918 263 323
0903 332 461
0908.880.666
0913 113 424
0983 928 769
0903 737 396
0913 717 000
0908 565 689
0903 948 340
0913 939 625
0909 208 299
0908 222 232
0903 706 662
0903 933 588
0903 801 796
0903 801 471
0908 842 007
0903 826 805
0909 533 699
0903 853 111
0903 801 882
0913 914 899

0903 618 532
0918 032 368
0913 296 767
0913 917 858
0908 182 908
0903 999 160
0918 494 257
0918 264 471
0903 826 979
0903 653 548
0913 730 858
0983 032 831
0903 728 994
0909.890.377
0918 032 903
0903 604 838
0903 704 408
0903 837 499
0903 648 748
0903 007 505
0902 774 291
0958 918 910
0903 701 710
0903 779 055
0903 914 289
0909 92 86 88
0918 497 038
0903 935 199
0988 518 853
0909 799 674
0903 750 276
0903 834 325
0903 840700
0903 672 937
0903 918 668
0903 772 322
0903 827 041
0903 371 155
0913 912 607
0903 962 516
0907 001 136
0908 002 765
0903 001 026
0913 805 184
0983 724 298
0903 738 982
0983 373 626
0903 990 408
0903 817 969

0903 809 288
0913 929551
0908 700 622
0913 870 667
0903 712 500
0903 847 002
0913 950 415
0903 824 284
0913 807 657
0903 807 444
0903 907 090

0909 044 349
0913 100 106
0903 333 355
0903 807 297
0903 835 656
0903 696 068
0986 968 888
0913 903 524
0913 808 578
0913 889 309
0918 011 638
0903 802 888
0903 804 116
0909 559 939
0903 813 753
0983 160 272
0903 803 579
0906 699 745
0982 929 783
0903 905 565
0913 850 379
0903 906 123
0903 951 929
0903 821 182
0903 708 359
0903 996 333
0903 838 897
0903 902 309
0903 948 018
0908 161 622
0913 196 888
0903 806 798
0913 749 764
0913 713 044
0903 913 464
0903 877 151
0903 382 932
0983 535 135
0903 784 875
0903 708 338
0913 914 940
0989 888 889
0903 690 325
0903 824 667

0908 005 098
0913 924 955
0903 707 225
0903 820 851
0903 699 187
0903 933 452
0903 829 036
0903 838 989
0913 922 025
0903 682 837
0913 924 941
0903 736 254
0918 263 494
0903 955 995
0913 808 430
0903 712 246
0913 879 337
0918 408 200
9 050 305
0903 808 286
0903 740 895
0903 707 962
0903 806 414
0903 804 660
0903 847 442
0913 878 966
0913 810 058
0903 802 934
0918 100 989
0913 808 034
0918 442 222
0903 808 418
0918 105 909
0908 008 987
0989 212 602
0903 631 218
0903 930 377
0903 684 458
0908 095 566
0903 343 336
0913 804 979
0903 904 350
0913 810 146
0913 801 415
0903 903 725
0919 999 907
0913 744 091
0913 910 163
0907 489 503
0989 999 585
0903 904 368
0903 721 581
0988 883 700
0918 461 682
0913 8044 695
0903 944 497
0913 983 355
0918 299 922
0908 162 262
0909 858 687

0903 816 776
0903 920 261
0918 264 963
0903 429 300

0913 925 653
0905 363 636
0983 810 384
0903 728 522
0903 904 688
0903 758 084
0907915193 Thu Ký
0983 878 586
0903 908 072
0903 834 520
0903 909 814
099 34 34 036
0903 813 854
0903 720 876
0903 813 786
0909 608 000
0908 441 143
0903 013 949
0903 906 364
0913 909 426
0905 800 100
0908 184 822
903700531
0903 831 711
0903 839 911
0903 327 003
0903 706 093
0913 950 507
0903 390 070
0916 336 336
0913 994 455
0903 619 522
0913 202 767
0918 670 979
0903 925 666
0983 667 167
903883448
902759998
0913 807 311
0913 127 166
0903 815 048
0903.901.714
0903 701 779
0902 903 678
0903 106 901
TK 0909111775
903902952
0908 977 370
0903 313 535 – 0955 313 535
0903 801 050
0913 913 389
0903.413.636
0983 043 347
0903 702 054
0913 777 338
0919 086 678
0913 654 553
0913 839 473
0903 856 781
0907 791 087
TK 0909111776
0908 303 985
0903 030 614
0908 006 864
913950642
0903 037 030
0903 884 885
0918 275 555
0903 832 383
0903 942 772
0907 915 193 Thu Ký
0903 037 753
0903 807 775
0913 958 474
0908 008 526
0908 457 745
0912 179 179
0913 911 933
0903 306 669
0903 823 934
0903 707 507
0903 685 099
0903 958 518
0903 821 664


0908 122 109
0983 553 427
0903 654 162
0913 958 357
0903 845 118
0913 807 716
0905 132 477
0908 162 699
0903 859 205
0903 752 785
0903 828 507
0983 621 696
0903 702 559
0903 333 170
0913 804 567
0903 949 442
0909 151 617
0903 659 182
0913 105 505
0913 915 551
0958 888 255
0982 283 238
0903 827 414
0903 708 153
0902 877 427
0903 926 086
0903 900 984
0903 844 700
0913 917 089
0983 120 704
0913 905 923
0903 903 201
0988 533 790
0903 945 421
0918 770 743
0903 521 458
0913 183 365
0903 715 753
0903 803 659
0903 825 986
0983 659 117
0909 090 821
0909 299 186
0903 822 329
0903 829 887
0903 729 203
0903 924 032
0903 761 510
0903 800 881
0903 906 894
0903 947 593
0913 805 673
0909 090 980
0903 715 777
0983 670 799
0903 909 123
0903 953 970
0903 902 010
0903 807 554
0908 899 998
0918 030 131
0903 810 345
0903 993 669
0913 925 588
0908 646 925
0913 724 979
0918 103 835
0903 752 333
0903 661 893
0913 809 963
0903 812 871
0913 926 386
0913 755 349
0903 708 836
0903 774 939
0988 889 799
0983 232 222
0983 965 296
0908 346 903
0903 712 836
0908 157 510
0909 848 477
0903 662 682
0903 823 410
0903 801 101
0908 102 125
0903 720 194
0913 629 599
0918 112 281
0913 888 888
0913 906 827
0989 003 279
0903 719 351
0903 838 588
0906 845 679
0908 781 900
0918 094 490
0906 209 170
0903 831 745
0903 916 978
0938 006 098
0903 804 717
0903 004 323
0983 342 393
0913 829 140
0903 062 555
0903 861 400
0903 743 055
0919 200 768
0989 007 939
0908 670 670
0903 945 339
0989 003 852
0908 194 141
0903 841 344
0903 917 776
0903 746 666
0903 939 954
0903 332 150
0903 003 325
0918 092 519
0909 732 616
0903 904 783
0983 567 693 – 0903 666 572
0903 331 616
0903 800 263
0903 035 365
0918 379 573
0913 724 914
0903 737 428
0909 313 388
903831022
0908 111 099
0903 904 745
0982 343 032
0903 999 165
0918 264 121
0918 991 331
0903 800 680 – 0983 400 200
0909 474 579
0903 191 907
0988 883 310
0903 840 512
0903 030 524
0938 247 247
0908 181 628
0903 914 408
0903 830 712
0903 838 650
0919 470 888
0903 763 084
0903 806 613
0908 333 073
0903 692 025
0908 014 045
0903 825 684
0918 464 648
0918 031 193
0903 815 417
0903 999 270
0913 901 572
0913 921 392
903802779
0903 939 687
0908 059 188
0984 007 111
0903 931 779
908119909
0913 833 500
0908 7070 81
0913 809 341
0903 774959
0903 805 106
0903 611 595
0913 805 278
0918 101 909
0903  809 225
0903 919 499
0913 909 696
0908 197 473
0903 502 204
0913 926 512
0903 91 7997
0909 369 605
0903 701 570
0903 718 088
0903 725 683
0983 701 547

0903 810 886
0908 117 700
0913 916 377
0913 929 003
0903 647 297
0903 826 346
0903 909 247
0913 808 915
0913 912 489
0919 777 987
0903 804 882
0903 744 458
0903 669 099
0909 046 666
0913 934 012
0908 019 020
0917 156 888
0903 847 513
0903 701 227
0903 930 129
0983 961 973
0903 042 860
0938 196 888
0983 804 618 — 0903 804 608
0988 658 907
0903 699 894
0903 846 871
0903 843 558
0903 641 298
0918 172 758
0908 160 261
0903 000 789
0913 275 975
0918 033 789
0913 926 067
0908 082 982
0908 229 199
0908 564 845
0903 887 799
0903 810 019
0903 678 232
0903 938 392
0938 684 949
0909 097 928
0903 830 770
0903 997 699
0913 923 345
0983 221 167
0903 943 751
0909 355 599
0903 922 630
0903 353 255
0908 816 372
0908 475 767
0913 951 250
0903 829 379
0903 944 850
0902 920 579
0906 202 020
0913 750 227
0913 117 995
0913 924 077
0913 664 447
0903 826 824
0903 807 261
0903 841 206
0903 824 923
0913 933 883
0903 399 998
0918 334 353
0913 805 194
0913 907 077
0982 888 333
0903 803 356
0903 906 535
0903 350 757
0913 912 355
0983 550 775
0903 817 405
0903 804 494
0903 713 836
0903 698 009
0918 115 647
0909 555 705
0913 836 367
0918 060 981
0908 105 111-0989 000 336
0903 866 367
0983 197 530
0903 941 193
0903 746 506
0913 121 418
0989 754 448
0903 969 996
0918 411 899
0903 303 898
0983 799 357
0904 782 979
0903 803 437
0903 661 210
0989 351 999
0913 776 652
0908 439 234
0903 678 981
0903 800 114
0903 902 665
0903 801 330

0903 946 739
0906 660 097
0903 695 850
0903 860 696
0913 868 789
0903 805 462
0903 832 103
0903 618 247
0903 745 454
0913 902 999
0903 811 585
0913 666 699
0903 906 346
0903 938 101
0909 34 5454
0903 976 728
0903 813 908
0908 348 384
0914 387 878
0903 710 704 – 0937 000 911
0903 800 358
0903 825 255
0903 338 418
0912 528 494
0908 382 109
0909 344 120
0918 031 936
0908 418 808
0913 622 993
0958 890 333
0913 775 565
0903 702 571
0908 225 549
0975 777 118
0903 835 551
0908 450 462
0913 804 865
0983 907 238
0913 912 346
0913 923 544
0909 666 778
0903 926 935
0903 954 016
0917 196 964
0903 954 465
0918 744 162
0983 641 789
0908 232 364
0903 843 870
0903 926 286
0903 806 644
0913 626 066
0989 041 889
0919 321 363
0908 135 613
THANH THẢO 0913 995 774
0903 901 687
0915 544 999
0913 832 474
0903 743 364
0903 703 529
0913 669 926
0903 802 996
0903 956 503
0903 632 106
0913 920 079
0908 979 899
0913 726 642
0908 112 025
0903 360 680
0908 267 673
0982 199 554
0908 105 115
0903 327 118
0913 808 533
0987 176 699
0903 921 033
0903 806 750
0909 273 951
090 381 4151
0903 626 939
0903 842 170
0903 701 431
0903 813 250
0913 147 975
0903 747 936
0918 033 410
0903 723 177
0903 357 888
983711894
913677622
983677622
983948598
0955 016 671
0908 091 115
0982 371 071
0902 200 900
0918 976 976
0983 039 999
0903 732 350
0903 900 904
0903 944 075
0913 922 679
0918 293 316
0908 958 560
0913 111 224
0903 227 232
0903 616 269
0938 237 237 – 0903 038 843
0903 626 434
0913 657 699
0919 602 035
0903 917 117
0903 800 274
0939 112 333
0913 903 639
0903 805 507
0903 902 399
0919 695 590 – 0913 175 499
0913 199 200
0903 264 850
0903 905 684
0983 907 365
0918 189 159
0913 901 633
0909 103 100
0909 091 386
0903 806 605
0909 020 334
0903 860 450
0903 827 258
0908 323 456
0903 924 433
0903 727 202
0989 989 818
0983 791 899
0983 915 559
0913 731 891 – 0903 731 891
0913 806 666
0903 977 776
0908 024 133
0903 814 835
0917 295 245
0937 136 050
0906 772 477
0918 030 473
0913 805 974
0989 008 185
0923 757 578
0903 356 888
0903 998 844
0903 939 648
0903 720 332
0903 682 837
0906 667 766
0903 880 044
0903 806 618
0908 799 977
0965 520 036
0903 923 816
0972 088 299

0903 60 60 79
0903 70 60 47
0903 835 210
0903 902 274
0903 734 589
0913 808 255
0903 821 303
0913 916 295
0908 101 357
0983 768 798
0937 000 105
0903 991 145
0938 118 339
0958 888 887
0903 766 402
0908 196 033
0933 107 107
0903 822 067
0907 151 545
0903 802 081
0903 934 488
0913 905 152
0913 719 162
0903 311 252
0913 669 920
0903 724 898
0903 803 909
0903 057 779
913926425
903842476
903995595
913805839
903003286
903914452
918802222
903710301
908990999
903788238
0917 564 490
903636522
915601941
903834166
909885200
982462380
908271717
946126978
903685458
903998879
903900159
903846008
903753739
918222222
903999060
913926815
913804812
989060111
982171696

908007009
0903958751
908331333
937362104
908025225
903353933
913748947
913657888
983883121
903703544
908759339
908111726
913929355
903001977
903952992
1688279168
908851234
92761676
918180445
907385032
933786777
908388113
906789303
903622972
903803908
983803908
0938998389 CHI THANH
903813439
945286666
903002026
903003606
903359799
902415889
918699799
908888033
903944979
903312532
903675440
903903232
903781409
988.099919
919170977
903903245
903803058
913121253
903946862
913754263
908565401
909097027
908114479
908007332
938036878
903377327
919509802
903906964
913116027
932222168
906845955


903933934
913901126
903443775
0903 606 585
0918 042 482
0903 706 425
0903 38 1515
0908 67 07 68
090701 5000
0903 115 298
0908 562 535
913909295
913414066
903024020
903083418
989989789
913676869
909889596
903705590
903702682


979998788
913804315
918766954
903816428
0918 174 262
918469422

903888777
908191951
903835287
0903 902 978
0903 944 275
0919 695 841
908751507
907113390
903605988
903692045
919534949
909287927
903939495
903034222
988892427
903839881
907842170



0903 917 610

